52 36
14 22
51 35
5 14
62 45
11 19
57 42
6 21
61 34
4 6
60 62
21 36
42 36
19 27
34 27
3 27
36 42
27 34
45 28
14 28
35 28
1 18
end
52 36
14 22
51 35
5 14
62 45
11 19
57 42
6 21
58 30
4 6
59 51
2 38
61 52
1 11
60 62
38 45
52 45
10 26
end
52 36
14 22
51 35
5 14
62 45
11 19
57 42
6 21
58 30
4 6
59 51
2 38
51 37
38 45
37 45
1 11
60 58
10 18
58 57
3 10
54 38
9 25
end
52 36
14 22
51 35
5 14
62 45
11 19
57 42
6 21
58 30
4 6
61 52
8 16
60 62
9 25
36 28
25 33
28 21
12 21
30 51
33 42
51 42
21 29
end
52 36
14 22
51 35
5 14
62 45
11 19
57 42
6 21
58 30
4 6
61 52
8 16
60 62
9 25
52 43
2 9
36 28
21 27
42 27
9 27
end
52 36
14 22
51 35
5 14
62 45
11 19
57 42
6 21
58 30
4 6
61 52
8 16
36 28
21 11
28 20
13 20
end
52 36
14 22
51 35
5 14
62 45
11 19
57 42
6 21
58 30
4 6
36 28
21 11
59 52
19 28
35 28
11 17
end
52 36
14 22
51 35
5 14
62 45
11 19
57 42
6 21
58 44
4 6
59 51
8 16
44 23
9 25
23 14
6 14
61 43
1 18
36 28
19 28
35 28
21 38
end
52 36
14 22
51 35
5 14
36 28
11 19
62 45
19 28
35 28
3 59
60 59
2 38
end
52 36
14 22
51 35
5 14
36 28
11 19
62 45
19 28
45 28
1 11
28 11
2 11
end